2.162770000000000000e+05
2.110930000000000000e+05
2.136850000000000000e+05
2.059090000000000000e+05
2.085010000000000000e+05
2.007250000000000000e+05
2.033170000000000000e+05
1.955410000000000000e+05
1.981330000000000000e+05
1.903570000000000000e+05
1.929490000000000000e+05
1.851730000000000000e+05
1.877650000000000000e+05
1.825810000000000000e+05
1.773970000000000000e+05
1.799890000000000000e+05
1.722130000000000000e+05
1.748050000000000000e+05
1.670290000000000000e+05
1.696210000000000000e+05
1.618450000000000000e+05
1.644370000000000000e+05
1.566610000000000000e+05
1.592530000000000000e+05
1.514770000000000000e+05
1.540690000000000000e+05
1.462930000000000000e+05
1.488850000000000000e+05
1.411090000000000000e+05
1.437010000000000000e+05
1.359250000000000000e+05
1.385170000000000000e+05
1.307410000000000000e+05
1.333330000000000000e+05
1.255570000000000000e+05
1.281490000000000000e+05
1.203730000000000000e+05
1.229650000000000000e+05
1.151890000000000000e+05
1.177810000000000000e+05
1.100050000000000000e+05
1.125970000000000000e+05
1.074130000000000000e+05
1.022290000000000000e+05
1.048210000000000000e+05
9.704500000000000000e+04
9.963700000000000000e+04
9.186100000000000000e+04
9.445300000000000000e+04
8.667700000000000000e+04
8.926900000000000000e+04
8.149300000000000000e+04
8.408500000000000000e+04
7.630900000000000000e+04
7.890100000000000000e+04
7.112500000000000000e+04
7.371700000000000000e+04
6.594100000000000000e+04
6.853300000000000000e+04
6.075700000000000000e+04
6.334900000000000000e+04
5.557300000000000000e+04
5.816500000000000000e+04
5.038900000000000000e+04
5.298100000000000000e+04
4.520500000000000000e+04
4.779700000000000000e+04
4.002100000000000000e+04
4.261300000000000000e+04
3.742900000000000000e+04
3.224500000000000000e+04
3.483700000000000000e+04
2.706100000000000000e+04
2.965300000000000000e+04
2.187700000000000000e+04
2.446900000000000000e+04
1.669300000000000000e+04
1.928500000000000000e+04
1.150900000000000000e+04
1.410100000000000000e+04
6.325000000000000000e+03
8.917000000000000000e+03
1.141000000000000000e+03
3.733000000000000000e+03
