2.154050000000000000e+05
2.102210000000000000e+05
2.076290000000000000e+05
1.972610000000000000e+05
1.998530000000000000e+05
1.920770000000000000e+05
1.894850000000000000e+05
1.817090000000000000e+05
1.843010000000000000e+05
1.765250000000000000e+05
1.739330000000000000e+05
1.661570000000000000e+05
1.635650000000000000e+05
1.557890000000000000e+05
1.583810000000000000e+05
1.506050000000000000e+05
1.480130000000000000e+05
1.402370000000000000e+05
1.428290000000000000e+05
1.324610000000000000e+05
1.220930000000000000e+05
1.246850000000000000e+05
1.169090000000000000e+05
1.143170000000000000e+05
1.065410000000000000e+05
1.091330000000000000e+05
1.013570000000000000e+05
9.876500000000000000e+04
9.098900000000000000e+04
8.839700000000000000e+04
8.062100000000000000e+04
8.321300000000000000e+04
7.543700000000000000e+04
7.284500000000000000e+04
6.506900000000000000e+04
6.766100000000000000e+04
5.729300000000000000e+04
5.470100000000000000e+04
4.692500000000000000e+04
4.951700000000000000e+04
4.174100000000000000e+04
3.914900000000000000e+04
3.137300000000000000e+04
3.396500000000000000e+04
2.359700000000000000e+04
1.582100000000000000e+04
1.322900000000000000e+04
5.453000000000000000e+03
8.045000000000000000e+03
2.690000000000000000e+02
