2.125610000000000000e+05
2.099690000000000000e+05
2.021930000000000000e+05
2.034890000000000000e+05
2.047850000000000000e+05
1.970090000000000000e+05
1.944170000000000000e+05
1.866410000000000000e+05
1.892330000000000000e+05
1.840490000000000000e+05
1.762730000000000000e+05
1.788650000000000000e+05
1.710890000000000000e+05
1.684970000000000000e+05
1.697930000000000000e+05
1.607210000000000000e+05
1.633130000000000000e+05
1.555370000000000000e+05
1.529450000000000000e+05
1.451690000000000000e+05
1.477610000000000000e+05
1.425770000000000000e+05
1.373930000000000000e+05
1.348010000000000000e+05
1.270250000000000000e+05
1.296170000000000000e+05
1.218410000000000000e+05
1.192490000000000000e+05
1.114730000000000000e+05
1.140650000000000000e+05
1.088810000000000000e+05
1.011050000000000000e+05
1.036970000000000000e+05
9.592100000000000000e+04
9.332900000000000000e+04
9.462500000000000000e+04
8.555300000000000000e+04
8.814500000000000000e+04
8.036900000000000000e+04
7.518500000000000000e+04
7.777700000000000000e+04
7.000100000000000000e+04
6.740900000000000000e+04
6.092900000000000000e+04
6.222500000000000000e+04
5.963300000000000000e+04
5.185700000000000000e+04
5.444900000000000000e+04
4.667300000000000000e+04
4.408100000000000000e+04
3.630500000000000000e+04
3.889700000000000000e+04
3.371300000000000000e+04
2.593700000000000000e+04
2.852900000000000000e+04
2.075300000000000000e+04
1.816100000000000000e+04
1.038500000000000000e+04
1.297700000000000000e+04
5.201000000000000000e+03
1.700000000000000000e+01
2.609000000000000000e+03
