2.160200000000000000e+05
2.134280000000000000e+05
2.147240000000000000e+05
2.056520000000000000e+05
2.082440000000000000e+05
2.004680000000000000e+05
1.952840000000000000e+05
1.978760000000000000e+05
1.901000000000000000e+05
1.875080000000000000e+05
1.810280000000000000e+05
1.823240000000000000e+05
1.797320000000000000e+05
1.719560000000000000e+05
1.745480000000000000e+05
1.667720000000000000e+05
1.615880000000000000e+05
1.641800000000000000e+05
1.564040000000000000e+05
1.589960000000000000e+05
1.538120000000000000e+05
1.460360000000000000e+05
1.473320000000000000e+05
1.486280000000000000e+05
1.408520000000000000e+05
1.382600000000000000e+05
1.395560000000000000e+05
1.304840000000000000e+05
1.330760000000000000e+05
1.253000000000000000e+05
1.278920000000000000e+05
1.201160000000000000e+05
1.227080000000000000e+05
1.123400000000000000e+05
1.149320000000000000e+05
1.058600000000000000e+05
1.071560000000000000e+05
1.045640000000000000e+05
9.678800000000000000e+04
9.938000000000000000e+04
9.160400000000000000e+04
8.642000000000000000e+04
8.901200000000000000e+04
8.123600000000000000e+04
7.864400000000000000e+04
7.086800000000000000e+04
7.216400000000000000e+04
7.346000000000000000e+04
6.568400000000000000e+04
6.309200000000000000e+04
5.531600000000000000e+04
5.790800000000000000e+04
5.013200000000000000e+04
5.272400000000000000e+04
4.754000000000000000e+04
4.494800000000000000e+04
3.717200000000000000e+04
3.846800000000000000e+04
3.976400000000000000e+04
3.069200000000000000e+04
3.198800000000000000e+04
2.939600000000000000e+04
2.162000000000000000e+04
2.421200000000000000e+04
1.643600000000000000e+04
1.902800000000000000e+04
1.125200000000000000e+04
1.384400000000000000e+04
6.068000000000000000e+03
3.476000000000000000e+03
